513
240
769
951
735
651
866
347
434
587
956
880
167
744
446
14
975
117
543
129
810
960
495
829
503
134
443
351
374
48
531
554
548
464
118
539
353
173
549
869
261
958
713
359
198
147
696
219
365
696
767
719
737
235
396
258
442
671
330
861
910
612
904
421
891
948
197
675
877
328
442
734
164
775
420
608
396
647
101
261
623
386
355
224
77
777
146
426
395
411
525
683
902
150
46
102
345
594
203
589
729
881
269
71
413
803
153
214
57
119
721
682
975
812
456
342
802
880
200
980
133
855
636
817
449
714
206
646
36
236
301
715
715
931
438
314
492
349
46
713
60
689
162
25
292
625
765
8
113
254
783
892
103
346
833
184
588
985
625
654
716
589
379
410
112
386
795
683
135
226
175
918
629
123
606
794
629
555
580
216
436
776
713
40
82
96
843
545
66
478
111
530
67
144
42
480
254
650
797
122
716
402
803
764
554
766
187
284
800
248
87
911
988
512
376
787
488
663
458
637
789
259
23
637
975
691
51
508
215
57
912
706
180
344
351
94
502
156
811
841
200
510
275
255
404
505
384
708
913
818
223
13
704
731
461
223
927
866
269
814
115
516
750
749
773
339
434
374
728
515
496
42
157
212
773
529
812
855
664
782
212
71
896
18
611
920
430
275
722
739
795
408
905
240
728
583
944
928
449
128
475
875
860
74
614
846
268
671
435
613
16
929
764
16
981
1000
614
360
947
925
230
659
899
292
44
188
331
238
450
530
397
705
961
685
982
71
924
852
312
368
131
5
277
58
787
890
280
347
805
233
557
773
321
264
299
316
402
779
633
991
544
374
525
793
436
836
108
60
272
642
962
54
200
970
62
799
167
612
988
802
368
801
447
842
89
212
6
351
521
270
117
648
639
450
95
659
179
392
206
387
951
836
840
829
415
588
972
325
519
833
323
469
154
365
838
284
967
596
963
382
848
752
901
971
962
692
116
536
816
53
279
525
168
240
853
438
507
910
213
96
311
47
114
762
15
26
952
201
248
640
152
624
169
851
194
914
253
925
646
257
357
177
770
495
128
714
562
953
649
99
69
386
729
792
729
618
606
500
990
572
283
247
760
165
112
150
108
999
334
223
388
444
246
486
908
207
476
159
838
113
468
565
62
513
691
208
891
843
213
431
961
230
558
950
179
842
628
568
736
771
772
701
492
272
452
392
324
854
887
875
774
31
271
33
841
194
691
844
891
909
544
794
280
293
744
84
103
227
24
850
473
369
655
297
47
90
379
466
290
858
302
679
358
955
549
224
534
544
733
210
64
598
399
128
209
896
646
431
57
98
344
117
498
404
366
920
996
737
905
554
341
173
60
453
910
905
427
617
70
586
587
727
624
101
407
320
789
939
663
413
275
436
486
904
580
731
791
997
449
867
216
100
370
603
88
363
39
927
131
535
155
856
305
129
490
482
284
670
624
620
77
673
982
967
399
812
916
992
40
79
34
223
914
707
500
294
35
43
878
612
705
41
362
54
870
598
103
86
373
134
928
352
656
222
160
35
70
444
120
397
350
217
733
708
844
249
858
992
649
624
134
218
316
684
780
997
837
695
768
558
449
120
793
111
897
581
402
589
444
725
521
895
743
549
725
531
462
367
470
70
27
567
145
480
598
366
183
859
693
290
673
632
332
346
239
198
91
279
925
817
449
197
700
94
593
766
42
126
553
111
867
923
525
670
848
394
44
691
443
782
833
905
922
586
526
430
881
872
339
89
661
631
818
581
244
93
269
164
36
672
506
781
674
973
487
123
123
491
310
767
715
545
952
723
753
197
314
759
151
508
388
637
224
363
162
398
840
660
978
476
976
868
643
235
214
263
553
966
35
647
334
157
644
620
172
646
187
549
0
53
794
104
720
172
132
362
73
529
564
877
398
874
108
768
824
160
46
507
223
769
806
180
237
586
370
220
299
941
337
893
505
919
969
125
212
833
861
936
798
425
475
668
966
776
765
44
112
820
321
537
231
235
361
939
261
609
176
258
321
816
684
349
692
794
656
542
640
934
225
201
110
331
412
552
758
274
508
13
262
414
376
382
475
457
260
76
60
537
316
877
469
894
26
577
592
758
233
1
477
167
423
87
675
588
607
561
228
709
377
889
945
387
789
231
675
370
731
397
373
450
132
133
25
248
363
113
68
724
251
326
816
535
145
389
438
980
529
87
771
330
179
532
522
392
675
900
273
64
548
297
300
0
335
651
358
227
390
616
163
155
994
398
510
281
341
867
34
119
6
35
